# To test:
# uv run oncoming.py --print-rle="$(cat recipes/antship2.txt)" --with-debris-rle='4$3bo$2bobo$3bo207$211b3o$211bo$212bo!' --and-without-debris --print-rle-stride=1024 --no-recipe-label| xclip -selection Clipboard

let swim2 = 2, (90) in

# convert tub l-17 to block l-7, if present
let if_tub_m17_then_block_m7 = 1, 90, 218, 164, 99, (273) in

# push block l-7, if present
let cond_push_block = 7, 145, 127, 133, 105, 153, 136, 104, (90) in
# block l-7 -> not block l-7, also pulls the block by 16
let cond_toggle_block = 7, 148, 227, (122) in
let if_block_m7_else_0_deg_glider_m6 = 1, 108, 94, (118) in

let construct_arm = mode sc, 0 (mod 2), 126, 102, 100, 195, 90, 91, 95, 98, 105, 90, 101, 141, 94, 159, 92, 146, 99, 90, 152, 139, 144, 92, 161, 131, 116, 101, 114, 111, 112, 93, 127, 98, 102, 114, 107, 157, 90, 90, 90, 91, 91, 243, 113, 139, 108, 95, 127, 121, 99, 257, 144, 94, 218, 148, 226, 111, 119, 100, 95, 91, 138, 201, 221, 216, 138, 125, mode p120, set 28 (mod 120), (90) in

let disable_arm = 79 (mod 120), 180, 204, 96, (90) in
let disabled_arm_to_block = 0, 91, 90, 104, 121, 121, 96, 99, 112, 94, 102, 94, 115, 231, 111, 118, 91, 92, 108, 129, (90), mode sc, set 0 (mod 120) in
let block_gun_with_eater = 5, 144, 165, 125, 115, 177, 225, 90, 107, 206, 156, 96, 104, 210, 151, 199, 210, 181, (148) in

let snarkmaker_end = 1 (mod 2), 135, 93, 105, 107, 115, 91, 105, 102, 118, 101, 96, 92, 138, 151, 147, 129, 108, 91, 116, 154, 149, 128, 114, 202, 128, 128, 120, 110, 113, 162, 115, 90, 91, 146, 127, 103, 118, 135, 176, 124, 180, 96, 108, 218, 91, 90, 111, 111, 99, 104, 202, 174, 135, 111, 214, 116, 94, 182, 91, 93, 190, 103, 106, 95, 96, 117, 91, 122, 110, 147, 117, 91, 120, 92, 105, 149, 108, 119, 102, 106, 126, 124, 106, 128, 150, 130, 132, 134, 90, 197, 99, 132, 91, 161, 146, 100, 108, 145, 97, 138, 100, 101, 167, 91, 183, 140, 90, 94, 99, 93, 100, 105, 102, 153, 105, 92, 121, 92, 90, 99, 96, 97, 116, 91, 193, 94, 91, 117, 100, 103, 122, 121, 90, 109, 205, 90, 105, 110, 93, 232, 108, 100, 93, 145, 118, 106, 90, 101, 151, 134, 113, 141, 96, 91, 123, 91, 111, 90, 102, 95, 198, 107, 122, 162, 90, 114, 96, 92, 114, 127, 109, 126, 98, 135, 95, 141, 114, 98, 124, 102, 148, 129, 91, 92, 136, 107, 249, 181, 93, 141, 106, 109, 98, 113, 95, 128, 108, 250, 105, 98, 109, 100, 96, 170, 94, 95, 102, 101, 206, 98, 100, 170, 111, 152, 169, 97, 141, 186, 100, 101, 94, 96, 95, 110, 95, 134, 111, 98, 115, 91, 91, 96, 102, 98, 98, 101, 175, 156, 238, 100, 99, 172, 116, 122, 179, 104, 147, 213, 135, 96, 161, 102, 133, 99, 91, 139, 109, 124, 92, 200, 93, 92, 108, 105, 227, 93, 125, 90, 90, 91, 91, 94, 90, 106, 108, 188, 93, 146, 119, 94, 114, 94, 119, 173, 126, 142, 91, 93, 92, 96, 90, 93, 99, 120, 91, 97, 128, 96, 90, 110, 175, 193, 110, 102, 115, 105, (90) in
let snarkmaker_chain1 = 0 (mod 2), 135, 93, 105, 107, 115, 91, 105, 102, 118, 101, 96, 92, 138, 151, 147, 129, 108, 91, 116, 154, 149, 128, 114, 202, 128, 128, 120, 110, 113, 162, 115, 90, 91, 146, 127, 103, 118, 135, 176, 124, 180, 96, 108, 218, 91, 90, 111, 111, 99, 104, 202, 174, 135, 111, 214, 116, 94, 182, 91, 93, 190, 103, 106, 95, 96, 117, 91, 122, 110, 147, 117, 91, 120, 92, 105, 149, 108, 119, 102, 106, 126, 124, 106, 128, 150, 130, 132, 134, 90, 197, 99, 132, 91, 161, 146, 100, 108, 145, 97, 138, 100, 101, 167, 91, 183, 140, 90, 94, 99, 93, 100, 105, 102, 153, 105, 92, 121, 92, 90, 99, 96, 97, 116, 91, 193, 94, 91, 117, 100, 103, 122, 121, 90, 109, 205, 90, 105, 110, 93, 232, 108, 100, 93, 145, 118, 106, 90, 101, 151, 134, 113, 141, 96, 91, 123, 91, 111, 90, 102, 95, 198, 107, 122, 162, 90, 114, 96, 92, 114, 127, 109, 126, 98, 135, 95, 141, 114, 98, 124, 102, 148, 129, 91, 92, 136, 107, 249, 181, 93, 141, 106, 109, 98, 113, 95, 128, 108, 250, 105, 98, 109, 100, 96, 170, 94, 95, 102, 101, 206, 98, 100, 170, 111, 152, 169, 97, 141, 186, 100, 101, 94, 96, 95, 110, 95, 134, 111, 98, 115, 91, 91, 96, 102, 98, 98, 101, 175, 156, 238, 100, 99, 172, 116, 122, 179, 104, 148, 212, 103, 147, 126, 116, 96, 126, 128, 101, 239, 118, 137, 124, 101, 98, 111, 185, 94, 113, 93, 90, 108, 163, 110, 128, 172, 98, 162, 103, 156, 90, 106, 91, 164, 94, 157, 91, 113, 90, 202, 231, 95, 97, 91, 196, 90, 113, 91, 90, 90, 221, 92, 162, 96, 97, 98, 144, 95, 141, 98, 93, 135, 191, 168, 164, 244, 90, 255, 96, 142, 102, 99, 121, 103, 113, 99, 100, 159, 111, 117, 101, 91, 91, 110, (90) in
let snarkmaker_chain2 = 1 (mod 2), 135, 93, 105, 107, 115, 91, 105, 102, 118, 101, 96, 92, 138, 151, 147, 129, 108, 91, 116, 154, 149, 128, 114, 202, 128, 128, 120, 110, 113, 162, 115, 90, 91, 146, 127, 103, 118, 135, 176, 124, 180, 96, 108, 218, 91, 90, 111, 111, 99, 104, 202, 174, 135, 111, 214, 116, 94, 182, 91, 93, 190, 103, 106, 95, 96, 117, 91, 122, 110, 147, 117, 91, 120, 92, 105, 149, 108, 119, 102, 106, 126, 124, 106, 128, 150, 130, 132, 134, 90, 197, 99, 132, 91, 161, 146, 100, 108, 145, 97, 138, 100, 101, 167, 91, 183, 140, 90, 94, 99, 93, 100, 105, 102, 153, 105, 92, 121, 92, 90, 99, 96, 97, 116, 91, 193, 94, 91, 117, 100, 103, 122, 121, 90, 109, 205, 90, 105, 110, 93, 232, 108, 100, 93, 145, 118, 106, 90, 101, 151, 134, 113, 141, 96, 91, 123, 91, 111, 90, 102, 95, 198, 107, 122, 162, 90, 114, 96, 92, 114, 127, 109, 126, 98, 135, 95, 141, 114, 98, 124, 102, 148, 129, 91, 92, 136, 107, 249, 181, 93, 141, 106, 109, 98, 113, 95, 128, 108, 250, 105, 98, 109, 100, 96, 170, 94, 95, 102, 101, 206, 98, 100, 170, 111, 152, 169, 97, 141, 186, 100, 101, 94, 96, 95, 110, 95, 134, 111, 98, 115, 91, 91, 96, 102, 98, 98, 101, 175, 156, 238, 100, 99, 172, 116, 122, 179, 104, 148, 212, 103, 147, 126, 116, 96, 126, 128, 101, 239, 118, 137, 124, 101, 98, 111, 185, 94, 113, 93, 90, 108, 163, 110, 128, 172, 98, 162, 103, 156, 90, 106, 91, 164, 94, 157, 91, 113, 90, 202, 231, 95, 97, 91, 196, 90, 113, 91, 90, 90, 221, 92, 162, 96, 97, 98, 144, 95, 141, 98, 93, 135, 191, 168, 164, 244, 90, 255, 96, 142, 102, 99, 121, 103, 113, 99, 100, 159, 111, 117, 101, 91, 91, 110, (90) in


let snarkbreaker1 = 0, 93, 91, 118, 93, 151, 90, 99, 155, 120, 92, 108, 90, 102, 164, 90, 96, (90)
let snarkbreaker1_odd = 1 (mod 2), 93, 91, 118, 93, 151, 90, 99, 155, 120, 92, 108, 90, 102, 164, 90, 96, (90)

let snarkbreaker2 = 1, 179, 97, (90)

let block_m7 = 1, 90, 91, 91, (90) in

# non-destructive read of the block, the block suppresses
# an extra 180 degree glider that other recipes can use.
let if_block = 3, 208, 197, (90) in
# recipes that use the suppressed glider.
let else_glider_d78_ph2 = 7, 111, 146, (90) in
let else_glider_d63_ph2 = 7, 114, 176, 135, (90) in
let then_glider_d59_ph2 = 3, 102, 91, 93, (90) in
let then_tub_m17 = 3, 96, 202, 170, 104, 93, (90) in 
let then_block_l22 = 7, 130, 115, 168, 152, 252, (90) in
let else_block_l21 = 7, 118, 172, 147, (90) in
let else_block_m21 = 1, 103, 96, 124, (214) in
let else_block_m14 = 7, 170, 97, 135, (114) in

sc_push44, sc_push44, sc_push44, sc_push44

snarkmaker, sc_push44, sc_push44, sc_push44, sc_push44, snarkmaker, sc_pull1, snarkmaker
sc_push3, sc_push44, sc_push44, sc_push44, sc_push44, sc_push44, sc_push44, sc_push44, sc_push44, sc_push44, sc_push44, sc_push44, sc_push44, sc_push44, sc_push44, sc_push44
construct_arm

# conditional recipes that have different behavior
# depending on whether there's a tub/block along the lane
block_m7
wait 7*8+4*44*6, if_tub_m17_then_block_m7

wait 20*8, cond_push_block
swim2, wait 6*8, cond_push_block

# place different elbow blocks to turn left or right
swim2, wait 2*8, if_block, wait 23*8, then_block_l22
swim2, swim2, wait 2*8, if_block, wait 14*8, else_block_l21

# place the elbow block to use after a right turn
swim2, swim2, wait 13*8, if_block, wait 150*8, else_block_m14

swim2, swim2, swim2, swim2, swim2, swim2, swim2, swim2, swim2

0, (90) wait 8, cond_toggle_block
wait 0, if_block_m7_else_0_deg_glider_m6


disable_arm,
swim2, swim2

disabled_arm_to_block
snarkbreaker1, wait 221*4, snarkbreaker2
snarkbreaker1, wait 98*4, snarkbreaker2
snarkbreaker1, wait 99*4, snarkbreaker2
sc_destroy

# send a 180 degree glider
let long_pull1 = 0, 109, 90, 93, 91, 91, 90, 90, 100, 90, 90, 146, 92, 90, 90, 103, 90, 91, 91, 157, (90) in
# and recover an elbow block from it
let long_pull2 = 1, 90, 157, 90, 138, 91, 90, 90, 92, 91, 147, 90, 91, 90, 165, 129, (90) in

# pull the block
long_pull1
wait 776, long_pull2

snarkmaker_end
snarkmaker_chain2
sc_push44, sc_push44, sc_push44, sc_push44, sc_push44, sc_push44, sc_push44, sc_push44, sc_push21
construct_arm

let block_lm37 = 7, 252, 93, 173, (290) in

block_lm37

let block_move = 3, 198, 105, swim 3, (90), wait 40, 1, 92, 134, swim 3, (90), wait 32, 5, 138, swim 2, (121), 0, 221, swim 3, (90), wait 32, 5, 138, swim 2, (121), wait 40, 0, 219, swim 3, (90), wait 72, 1, 92, 134, swim 3, (90), wait 32, 1, 92, 134, swim 3, (90), wait 32, 1, 92, 134, swim 3, (90), wait 16, 1, 92, 163, swim 4, (150), 3, 198, 105, swim 3, (90), 1, 92, 134, swim 3, (90), wait 8, 1, 92, 134, swim 3, (90), 0, swim 1, (90), wait 8, 5, 138, swim 2, (121), wait 8, 0, 221, swim 3, (90), 0, swim 1, (90), wait 16, 5, 138, swim 2, (121), wait 64, 0, 219, swim 3, (90), 3, 198, 105, swim 3, (90), 4, swim 1, (90), wait 8, 1, 92, 242, 91, swim 5, (90), wait 56, 3, 198, 105, swim 3, (90), wait 72, 5, 138, swim 2, (121), wait 32, 0, 221, swim 3, (90), 5, 138, swim 2, (121), wait 8, 0, 221, swim 3, (90), 0, swim 1, (90), wait 16, 5, 138, swim 2, (121), wait 64, 0, 219, swim 3, (90), 3, 198, 105, swim 3, (90), 4, swim 1, (90), wait 8, 1, 92, 242, 91, swim 5, (90), wait 56, 3, 198, 105, swim 3, (90), wait 72, 5, 138, swim 2, (121), wait 32, 0, 221, swim 3, (90), wait 56, 1, 92, 134, swim 3, (90), wait 32, 1, 92, 134, swim 3, (90), wait 16, 1, 92, 163, swim 4, (150), 3, 198, 105, swim 3, (90), 1, 92, 134, swim 3, (90) in

0, (90)
wait 24, block_move

2, (90)
wait 20*8

# send crab
let crabstretcher_salvo = 1, 92, 163, swim 4, (150), wait 112, 1, 92, 163, swim 4, (150), 3, 198, 105, swim 3, (90), wait 56, 1, 92, 134, swim 3, (90), wait 16, 3, 185, 129, swim 4, (90), wait 48, 1, 92, 134, swim 3, (90), wait 8, 5, 144, 132, 107, swim 4, (90), 3, 198, 105, swim 3, (90), wait 32, 3, 96, 92, 147, swim 4, (90), wait 8, 5, 144, 132, 107, swim 4, (90), wait 16, 1, 92, 163, swim 4, (150), 1, 92, 163, swim 4, (150), wait 64, 1, 92, 134, swim 3, (90), wait 32, 3, 185, 129, swim 4, (90), 3, 198, 105, swim 3, (90), wait 40, 1, 92, 134, swim 3, (90), wait 48, 5, 144, 132, 107, swim 4, (90), wait 40, 1, 92, 163, swim 4, (150), wait 24, 5, 144, 132, 107, swim 4, (90), wait 8, 5, 144, 132, 107, swim 4, (90), 3, 196, 128, swim 4, (90), wait 72, 1, 92, 163, swim 4, (150), wait 8, 3, 198, 105, swim 3, (90), wait 16, 1, 92, 163, swim 4, (150), wait 160, 1, 92, 134, swim 3, (90), wait 8, 1, 92, 163, swim 4, (150), wait 56, 3, 185, 129, swim 4, (90), 1, 92, 163, swim 4, (150), wait 32, 3, 198, 105, swim 3, (90), wait 64, 1, 92, 134, swim 3, (90), wait 24, 1, 92, 163, swim 4, (150), wait 24, 3, 185, 129, swim 4, (90), wait 8, 3, 198, 105, swim 3, (90), wait 24, 1, 92, 163, swim 4, (150), wait 64, 1, 92, 163, swim 4, (150), wait 40, 5, 144, 132, 107, swim 4, (90), wait 40, 1, 92, 163, swim 4, (150), wait 40, 5, 144, 132, 107, swim 4, (90), wait 40, 1, 92, 163, swim 4, (150), wait 96, 1, 92, 134, swim 3, (90), 0, swim 1, (90), 1, 92, 134, swim 3, (90), wait 64, 1, 92, 163, swim 4, (150), wait 24, 3, 198, 105, swim 3, (90), wait 8, 3, 196, 128, swim 4, (90), wait 24, 5, 144, 132, 107, swim 4, (90), wait 32, 1, 92, 163, swim 4, (150), wait 48, 3, 185, 129, swim 4, (90), wait 80, 1, 92, 163, swim 4, (150), wait 16, 3, 198, 105, swim 3, (90), wait 16, 3, 185, 129, swim 4, (90), wait 48, 1, 92, 163, swim 4, (150), 3, 198, 105, swim 3, (90), wait 56, 1, 92, 134, swim 3, (90), wait 24, 5, 144, 132, 107, swim 4, (90), wait 16, 5, 144, 132, 107, swim 4, (90), wait 8, 1, 92, 163, swim 4, (150), wait 48, 1, 92, 163, swim 4, (150), wait 72, 1, 92, 163, swim 4, (150), wait 88, 1, 92, 163, swim 4, (150), wait 64, 1, 92, 163, swim 4, (150), wait 48, 1, 92, 134, swim 3, (90), wait 80, 1, 92, 134, swim 3, (90), 3, 185, 129, swim 4, (90), wait 48, 3, 198, 105, swim 3, (90), 4, swim 1, (90), wait 16, 1, 92, 134, swim 3, (90), wait 16, 1, 92, 134, swim 3, (90), wait 8, 3, 198, 105, swim 3, (90), wait 8, 3, 185, 129, swim 4, (90), wait 40, 3, 198, 105, swim 3, (90), wait 48, 1, 92, 163, swim 4, (150), wait 56, 1, 92, 134, swim 3, (90), wait 40, 5, 144, 132, 107, swim 4, (90), wait 8, 1, 92, 163, swim 4, (150), wait 64, 1, 92, 163, swim 4, (150), wait 24, 1, 100, 137, 115, swim 4, (105), wait 40, 1, 92, 134, swim 3, (90), wait 72, 1, 92, 134, swim 3, (90), wait 8, 3, 196, 128, swim 4, (90), wait 64, 1, 92, 134, swim 3, (90), wait 24, 3, 96, 92, 147, swim 4, (90), wait 32, 3, 185, 129, swim 4, (90), wait 32, 7, 132, 114, 133, swim 4, (90), wait 32, 5, 144, 132, 107, swim 4, (90), wait 40, 1, 92, 163, swim 4, (150), wait 56, 5, 144, 132, 107, swim 4, (90), wait 8, 1, 92, 134, swim 3, (90), wait 16, 5, 144, 132, 107, swim 4, (90), wait 64, 1, 92, 134, swim 3, (90), wait 56, 1, 92, 134, swim 3, (90), wait 24, 1, 92, 163, swim 4, (150), wait 24, 1, 92, 163, swim 4, (150), 3, 198, 105, swim 3, (90), wait 8, 3, 196, 128, swim 4, (90), wait 24, 3, 198, 105, swim 3, (90), 4, swim 1, (90), 1, 92, 134, swim 3, (90), 7, 132, 114, 133, swim 4, (90), wait 136, 1, 92, 134, swim 3, (90), wait 24, 3, 96, 92, 147, swim 4, (90), 5, 144, 132, 107, swim 4, (90), wait 32, 5, 144, 132, 107, swim 4, (90), wait 64, 1, 92, 134, swim 3, (90), 2, swim 2, (90), wait 8, 3, 198, 105, swim 3, (90), wait 56, 1, 92, 134, swim 3, (90), wait 24, 1, 92, 163, swim 4, (150), wait 48, 3, 198, 105, swim 3, (90), 3, 185, 129, swim 4, (90), wait 56, 1, 92, 134, swim 3, (90), wait 64, 1, 92, 163, swim 4, (150), wait 24, 1, 92, 163, swim 4, (150), wait 72, 1, 92, 134, swim 3, (90), wait 64, 1, 92, 134, swim 3, (90), wait 24, 1, 92, 242, 91, swim 5, (90), wait 80, 1, 92, 163, swim 4, (150), wait 56, 1, 92, 163, swim 4, (150), wait 96, 1, 92, 134, swim 3, (90), 1, 92, 242, 91, swim 5, (90), wait 80, 1, 92, 163, swim 4, (150), wait 40, 7, 132, 114, 133, swim 4, (90), wait 8, 3, 198, 105, swim 3, (90), wait 40, 3, 185, 129, swim 4, (90), wait 48, 1, 92, 134, swim 3, (90), wait 40, 1, 92, 163, swim 4, (150), wait 144, 1, 92, 134, swim 3, (90), wait 24, 1, 92, 163, swim 4, (150), 1, 100, 137, 115, swim 4, (105), wait 16, 1, 92, 163, swim 4, (150), wait 136, 3, 198, 105, swim 3, (90), wait 32, 1, 92, 163, swim 4, (150), wait 72, 1, 92, 134, swim 3, (90), wait 64, 1, 92, 134, swim 3, (90), wait 24, 1, 92, 163, swim 4, (150), wait 48, 3, 185, 129, swim 4, (90), wait 24, 1, 92, 163, swim 4, (150), wait 144, 1, 92, 134, swim 3, (90), 5, 144, 132, 107, swim 4, (90), wait 32, 1, 92, 134, swim 3, (90), wait 56, 3, 185, 129, swim 4, (90), wait 40, 1, 92, 163, swim 4, (150), 3, 198, 105, swim 3, (90), wait 8, 1, 92, 134, swim 3, (90), wait 112, 1, 92, 134, swim 3, (90), 2, swim 2, (90), wait 32, 5, 144, 132, 107, swim 4, (90), wait 8, 3, 198, 105, swim 3, (90), wait 24, 3, 96, 92, 147, swim 4, (90), wait 80, 1, 92, 163, swim 4, (150), wait 56, 5, 144, 132, 107, swim 4, (90), wait 72, 1, 92, 163, swim 4, (150), 3, 198, 105, swim 3, (90), wait 8, 3, 196, 128, swim 4, (90), 1, 100, 137, 115, swim 4, (105), wait 48, 1, 92, 163, swim 4, (150), 3, 198, 105, swim 3, (90), wait 48, 1, 92, 134, swim 3, (90), wait 8, 3, 96, 92, 147, swim 4, (90), wait 56, 1, 92, 163, swim 4, (150), wait 32, 3, 198, 105, swim 3, (90), wait 8, 1, 92, 134, swim 3, (90), wait 48, 1, 92, 134, swim 3, (90), wait 40, 1, 92, 163, swim 4, (150), wait 24, 3, 198, 105, swim 3, (90), wait 32, 1, 92, 134, swim 3, (90), wait 24, 1, 100, 137, 115, swim 4, (105), wait 8, 3, 96, 92, 147, swim 4, (90), wait 8, 3, 185, 129, swim 4, (90), wait 24, 3, 198, 105, swim 3, (90), wait 8, 1, 92, 134, swim 3, (90), wait 32, 3, 185, 129, swim 4, (90), 3, 198, 105, swim 3, (90), wait 40, 1, 92, 134, swim 3, (90), wait 8, 3, 96, 92, 147, swim 4, (90), wait 8, 1, 92, 163, swim 4, (150), wait 40, 5, 144, 132, 107, swim 4, (90), wait 32, 1, 100, 137, 115, swim 4, (105), wait 8, 1, 92, 134, swim 3, (90), wait 56, 5, 144, 132, 107, swim 4, (90), wait 16, 1, 92, 134, swim 3, (90), wait 8, 1, 92, 163, swim 4, (150), wait 56, 5, 144, 132, 107, swim 4, (90), wait 8, 1, 100, 137, 115, swim 4, (105), wait 8, 1, 92, 134, swim 3, (90), wait 48, 1, 92, 134, swim 3, (90), 1, 92, 134, swim 3, (90), wait 72, 1, 92, 134, swim 3, (90), 3, 198, 105, swim 3, (90), wait 8, 3, 185, 129, swim 4, (90), wait 96, 1, 92, 134, swim 3, (90), wait 64, 1, 92, 134, swim 3, (90), wait 128, 1, 92, 134, swim 3, (90), wait 24, 1, 92, 134, swim 3, (90), wait 168, 7, 132, 114, 133, swim 4, (90), wait 144, 1, 92, 134, swim 3, (90), wait 48, 3, 185, 129, swim 4, (90), wait 32, 5, 144, 132, 107, swim 4, (90), 0, swim 1, (90), wait 16, 3, 96, 92, 147, swim 4, (90), wait 48, 1, 92, 134, swim 3, (90), wait 8, 1, 100, 137, 115, swim 4, (105), wait 72, 1, 92, 134, swim 3, (90), wait 48, 1, 92, 134, swim 3, (90), wait 24, 3, 96, 92, 147, swim 4, (90), wait 8, 1, 92, 163, swim 4, (150), wait 64, 1, 92, 134, swim 3, (90), wait 80, 1, 92, 134, swim 3, (90), 2, swim 2, (90), wait 16, 3, 198, 105, swim 3, (90), wait 72, 1, 92, 134, swim 3, (90), wait 32, 1, 92, 134, swim 3, (90), wait 32, 3, 198, 105, swim 3, (90), wait 8, 5, 144, 132, 107, swim 4, (90), wait 48, 1, 92, 163, swim 4, (150), wait 48, 3, 198, 105, swim 3, (90), wait 8, 1, 92, 163, swim 4, (150), wait 8, 3, 198, 105, swim 3, (90), wait 16, 1, 92, 163, swim 4, (150), wait 40, 3, 198, 105, swim 3, (90), wait 56, 1, 92, 134, swim 3, (90), wait 72, 1, 92, 134, swim 3, (90), wait 16, 1, 92, 163, swim 4, (150), wait 8, 3, 198, 105, swim 3, (90), wait 8, 1, 100, 137, 115, swim 4, (105), wait 24, 1, 92, 134, swim 3, (90), 1, 100, 137, 115, swim 4, (105), wait 56, 1, 92, 134, swim 3, (90), 3, 185, 129, swim 4, (90), wait 48, 3, 198, 105, swim 3, (90), wait 8, 1, 100, 137, 115, swim 4, (105), wait 32, 1, 92, 163, swim 4, (150), wait 72, 1, 92, 163, swim 4, (150), wait 96, 1, 92, 134, swim 3, (90), 3, 198, 105, swim 3, (90), wait 16, 1, 92, 242, 91, swim 5, (90), wait 32, 5, 144, 132, 107, swim 4, (90), wait 56, 1, 92, 163, swim 4, (150), wait 40, 5, 144, 132, 107, swim 4, (90), 5, 144, 132, 107, swim 4, (90), wait 16, 1, 92, 163, swim 4, (150), wait 64, 1, 92, 163, swim 4, (150), wait 32, 5, 144, 132, 107, swim 4, (90), wait 72, 1, 92, 134, swim 3, (90), wait 16, 5, 144, 132, 107, swim 4, (90), 0, swim 1, (90), 1, 92, 134, swim 3, (90), wait 8, 1, 92, 134, swim 3, (90), wait 24, 1, 100, 137, 115, swim 4, (105), 1, 92, 242, 91, swim 5, (90), wait 48, 5, 144, 132, 107, swim 4, (90), wait 80, 1, 92, 134, swim 3, (90), wait 16, 1, 100, 137, 115, swim 4, (105), 1, 92, 134, swim 3, (90), wait 56, 1, 92, 134, swim 3, (90), 2, swim 2, (90), wait 72, 1, 92, 134, swim 3, (90), wait 32, 3, 185, 129, swim 4, (90), 3, 198, 105, swim 3, (90), wait 72, 1, 92, 134, swim 3, (90), 1, 92, 163, swim 4, (150), wait 40, 1, 92, 134, swim 3, (90), wait 8, 3, 198, 105, swim 3, (90), wait 8, 5, 144, 132, 107, swim 4, (90), 1, 92, 134, swim 3, (90), 1, 92, 134, swim 3, (90), 3, 198, 105, swim 3, (90), 3, 198, 105, swim 3, (90), 1, 100, 137, 115, swim 4, (105), wait 24, 3, 96, 92, 147, swim 4, (90), wait 32, 5, 144, 132, 107, swim 4, (90), wait 32, 1, 92, 134, swim 3, (90), wait 24, 3, 185, 129, swim 4, (90), wait 16, 5, 144, 132, 107, swim 4, (90), wait 8, 1, 100, 137, 115, swim 4, (105), wait 16, 5, 144, 132, 107, swim 4, (90), wait 56, 1, 92, 134, swim 3, (90), wait 16, 3, 185, 129, swim 4, (90), wait 64, 5, 144, 132, 107, swim 4, (90), wait 32, 1, 92, 134, swim 3, (90), wait 24, 1, 92, 163, swim 4, (150), wait 40, 5, 144, 132, 107, swim 4, (90), wait 32, 3, 198, 105, swim 3, (90), wait 32, 1, 92, 163, swim 4, (150), wait 24, 1, 92, 134, swim 3, (90),
  wait 32, 1, 92, 134, swim 3, (90), wait 48, 1, 92, 134, swim 3, (90), wait 40, 3, 198, 105, swim 3, (90), wait 24, 3, 185, 129, swim 4, (90), wait 64, 1, 92, 163, swim 4, (150), wait 152, 1, 92, 134, swim 3, (90),
  wait 56, 1, 92, 134, swim 3, (90), 0, swim 1, (90), 1, 92, 134, swim 3, (90), wait 32, 3, 198, 105, swim 3, (90), 2, swim 2, (90), wait 16, 3, 185, 129, swim 4, (90), wait 40, 3, 185, 129, swim 4, (90), wait 24, 3, 198, 105, swim 3, (90), 3, 185, 129, swim 4, (90), wait 8, 7, 132, 114, 133, swim 4, (90), wait 32, 1, 92, 163, swim 4, (150), wait 168, 1, 92, 134, swim 3, (90),
  wait 16, 3, 185, 129, swim 4, (90),
  
  # add an extra wait time to let the crabstretcher
  # seed trigger
  2, (90) wait 144,
  
  wait 56, 7, 132, 114, 133, swim 4, (90), wait 24, 3, 198, 105, swim 3, (90), 2, swim 2, (90), wait 72, 1, 92, 134, swim 3, (90), wait 8, 3, 198, 105, swim 3, (90), wait 72, 3, 198, 105, swim 3, (90), wait 16, 1, 92, 134, swim 3, (90), wait 40, 1, 92, 134, swim 3, (90), wait 80, 1, 92, 134, swim 3, (90), wait 8, 1, 92, 134, swim 3, (90), wait 48, 3, 185, 129, swim 4, (90), wait 88, 1, 92, 163, swim 4, (150), wait 88, 3, 198, 105, swim 3, (90), wait 8, 1, 100, 137, 115, swim 4, (105), 2, swim 2, (90), 7, 132, 114, 133, swim 4, (90), wait 120, 3, 198, 105, swim 3, (90), wait 72, 3, 198, 105, swim 3, (90), wait 56, 1, 92, 163, swim 4, (150), wait 56, 1, 92, 134, swim 3, (90), wait 64, 1, 92, 163, swim 4, (150), wait 16, 3, 198, 105, swim 3, (90), wait 8, 3, 198, 105, swim 3, (90), wait 8, 5, 144, 132, 107, swim 4, (90), 3, 198, 105, swim 3, (90), 1, 100, 137, 115, swim 4, (105), wait 40, 3, 198, 105, swim 3, (90), 1, 92, 134, swim 3, (90), wait 136, 7, 132, 114, 133, swim 4, (90), wait 32, 3, 198, 105, swim 3, (90), wait 48, 1, 92, 163, swim 4, (150), wait 8, 3, 198, 105, swim 3, (90), wait 32, 1, 92, 163, swim 4, (150), wait 48, 3, 198, 105, swim 3, (90), wait 64, 1, 92, 163, swim 4, (150), wait 16, 7, 132, 114, 133, swim 4, (90), wait 32, 3, 198, 105, swim 3, (90), wait 16, 1, 92, 134, swim 3, (90), wait 48, 3, 185, 129, swim 4, (90), wait 72, 7, 132, 114, 133, swim 4, (90), wait 112, 1, 92, 134, swim 3, (90), wait 24, 3, 96, 92, 147, swim 4, (90), 2, swim 2, (90), 1, 92, 134, swim 3, (90), wait 8, 1, 92, 163, swim 4, (150), wait 72, 1, 92, 163, swim 4, (150), wait 72, 1, 92, 134, swim 3, (90), wait 56, 5, 144, 132, 107, swim 4, (90), wait 40, 1, 92, 134, swim 3, (90), wait 24, 1, 100, 137, 115, swim 4, (105), wait 8, 3, 96, 92, 147, swim 4, (90), 3, 185, 129, swim 4, (90), wait 40, 5, 144, 132, 107, swim 4, (90), wait 8, 1, 92, 163, swim 4, (150), wait 80, 1, 92, 134, swim 3, (90), wait 24, 3, 96, 92, 147, swim 4, (90), wait 40, 1, 92, 163, swim 4, (150), wait 8, 5, 144, 132, 107, swim 4, (90), wait 16, 1, 92, 242, 91, swim 5, (90), wait 40, 3, 185, 129, swim 4, (90), wait 32, 3, 185, 129, swim 4, (90), wait 64, 1, 92, 134, swim 3, (90), wait 8, 1, 92, 134, swim 3, (90), wait 8, 1, 92, 163, swim 4, (150), wait 40, 3, 198, 105, swim 3, (90), 4, swim 1, (90), wait 16, 3, 96, 92, 147, swim 4, (90), wait 16, 1, 92, 163, swim 4, (150), 3, 198, 105, swim 3, (90), 3, 196, 128, swim 4, (90), wait 48, 3, 185, 129, swim 4, (90), wait 16, 3, 185, 129, swim 4, (90), wait 104, 3, 198, 105, swim 3, (90), wait 40, 3, 185, 129, swim 4, (90), wait 8, 5, 144, 132, 107, swim 4, (90), wait 24, 3, 198, 105, swim 3, (90), wait 24, 5, 144, 132, 107, swim 4, (90), 0, swim 1, (90), 3, 96, 92, 147, swim 4, (90), wait 8, 3, 96, 92, 147, swim 4, (90), 3, 198, 105, swim 3, (90), wait 8, 3, 198, 105, swim 3, (90), 1, 100, 137, 115, swim 4, (105), wait 32, 1, 92, 163, swim 4, (150), wait 24, 3, 198, 105, swim 3, (90), wait 48, 1, 92, 163, swim 4, (150), wait 16, 7, 132, 114, 133, swim 4, (90), wait 16, 7, 132, 114, 133, swim 4, (90), wait 24, 7, 132, 114, 133, swim 4, (90), wait 8, 7, 132, 114, 133, swim 4, (90), 1, 92, 134, swim 3, (90), wait 24, 1, 92, 134, swim 3, (90), 5, 144, 132, 107, swim 4, (90), wait 72, 1, 92, 163, swim 4, (150), wait 32, 3, 185, 129, swim 4, (90), wait 80, 1, 92, 163, swim 4, (150), wait 32, 1, 92, 134, swim 3, (90), wait 8, 1, 92, 134, swim 3, (90), wait 32, 1, 92, 134, swim 3, (90), wait 8, 3, 198, 105, swim 3, (90), wait 8, 3, 196, 128, swim 4, (90), wait 48, 1, 92, 163, swim 4, (150), wait 24, 5, 144, 132, 107, swim 4, (90), wait 8, 3, 198, 105, swim 3, (90), 4, swim 1, (90), wait 16, 3, 96, 92, 147, swim 4, (90), wait 48, 5, 144, 132, 107, swim 4, (90), wait 72, 1, 92, 134, swim 3, (90), wait 24, 3, 96, 92, 147, swim 4, (90), wait 48, 1, 92, 134, swim 3, (90), wait 40, 1, 92, 163, swim 4, (150), wait 16, 1, 92, 163, swim 4, (150), wait 72, 1, 92, 163, swim 4, (150), wait 56, 1, 92, 134, swim 3, (90), wait 88, 1, 92, 163, swim 4, (150), wait 72, 1, 92, 134, swim 3, (90), wait 24, 7, 132, 114, 133, swim 4, (90), wait 64, 5, 144, 132, 107, swim 4, (90), wait 24, 1, 92, 163, swim 4, (150), wait 80, 1, 92, 134, swim 3, (90), wait 24, 5, 144, 132, 107, swim 4, (90), wait 16, 3, 198, 105, swim 3, (90), wait 24, 1, 92, 163, swim 4, (150), wait 32, 3, 185, 129, swim 4, (90), 3, 198, 105, swim 3, (90), wait 24, 1, 92, 163, swim 4, (150), wait 24, 5, 144, 132, 107, swim 4, (90), 1, 92, 163, swim 4, (150), wait 112, 1, 92, 134, swim 3, (90), 1, 100, 137, 115, swim 4, (105), wait 56, 3, 185, 129, swim 4, (90), wait 24, 5, 144, 132, 107, swim 4, (90), wait 24, 5, 144, 132, 107, swim 4, (90), wait 48, 1, 92, 163, swim 4, (150), wait 72, 1, 92, 163, swim 4, (150), wait 40, 3, 198, 105, swim 3, (90), 1, 100, 137, 115, swim 4, (105), wait 16, 1, 92, 242, 91, swim 5, (90), wait 16, 3, 96, 92, 147, swim 4, (90), wait 8, 1, 92, 163, swim 4, (150), wait 16, 3, 198, 105, swim 3, (90), 1, 92, 134, swim 3, (90), wait 48, 1, 92, 134, swim 3, (90), wait 64, 1, 92, 134, swim 3, (90), wait 16, 1, 92, 134, swim 3, (90), 5, 144, 132, 107, swim 4, (90), wait 40, 1, 92, 163, swim 4, (150), 5, 144, 132, 107, swim 4, (90), wait 56, 1, 92, 163, swim 4, (150), wait 16, 7, 132, 114, 133, swim 4, (90), wait 136, 1, 92, 134, swim 3, (90), 0, swim 1, (90), 3, 96, 92, 147, swim 4, (90), 5, 144, 132, 107, swim 4, (90), 1, 92, 134, swim 3, (90), wait 32, 1, 92, 134, swim 3, (90), wait 16, 5, 144, 132, 107, swim 4, (90), wait 80, 1, 92, 134, swim 3, (90), 3, 198, 105, swim 3, (90), wait 16, 5, 144, 132, 107, swim 4, (90), wait 56, 1, 92, 134, swim 3, (90), 0, swim 1, (90), wait 8, 1, 92, 134, swim 3, (90), wait 24, 3, 96, 92, 147, swim 4, (90), wait 16, 3, 198, 105, swim 3, (90), wait 8, 3, 96, 143, 130, swim 4, (90), wait 8, 3, 96, 92, 147, swim 4, (90), wait 80, 1, 92, 134, swim 3, (90), 0, swim 1, (90), wait 16, 1, 92, 134, swim 3, (90), wait 40, 1, 92, 134, swim 3, (90), wait 16, 3, 185, 129, swim 4, (90), wait 160, 1, 92, 134, swim 3, (90), wait 16, 3, 96, 92, 147, swim 4, (90), 4, swim 1, (90), 1, 92, 134, swim 3, (90), wait 24, 5, 144, 132, 107, swim 4, (90), wait 16, 3, 198, 105, swim 3, (90), wait 40, 3, 185, 129, swim 4, (90), wait 48, 5, 144, 132, 107, swim 4, (90), wait 120, 7, 132, 114, 133, swim 4, (90), wait 56, 3, 198, 105, swim 3, (90), wait 8, 3, 198, 105, swim 3, (90), wait 8, 5, 144, 132, 107, swim 4, (90), wait 32, 5, 144, 132, 107, swim 4, (90), wait 48, 1, 92, 134, swim 3, (90), 0, swim 1, (90), wait 16, 3, 96, 92, 147, swim 4, (90), 1, 100, 137, 115, swim 4, (105), wait 16, 5, 144, 132, 107, swim 4, (90), wait 64, 1, 92, 163, swim 4, (150), wait 64, 1, 92, 134, swim 3, (90), wait 64, 1, 92, 134, swim 3, (90), wait 8, 1, 100, 137, 115, swim 4, (105), wait 24, 3, 96, 92, 147, swim 4, (90), wait 8, 3, 196, 128, swim 4, (90), wait 56, 1, 92, 134, swim 3, (90), wait 16, 3, 185, 129, swim 4, (90), wait 8, 7, 132, 114, 133, swim 4, (90), wait 144, 1, 92, 134, swim 3, (90), wait 8, 1, 92, 163, swim 4, (150), 7, 132, 114, 133, swim 4, (90), wait 40, 1, 92, 163, swim 4, (150), 5, 144, 132, 107, swim 4, (90), wait 16, 5, 144, 132, 107, swim 4, (90), wait 48, 1, 92, 163, swim 4, (150), wait 56, 1, 92, 163, swim 4, (150), wait 8, 3, 198, 105, swim 3, (90), wait 24, 5, 144, 132, 107, swim 4, (90), wait 16, 1, 92, 163, swim 4, (150), wait 8, 7, 132, 114, 133, swim 4, (90), wait 48, 5, 144, 132, 107, swim 4, (90), wait 24, 3, 185, 129, swim 4, (90), wait 72, 1, 92, 163, swim 4, (150), wait 32, 3, 185, 129, swim 4, (90), 7, 132, 114, 133, swim 4, (90), wait 80, 5, 144, 132, 107, swim 4, (90), wait 16, 3, 96, 143, 130, swim 4, (90), wait 32, 3, 96, 92, 147, swim 4, (90), wait 64, 1, 92, 163, swim 4, (150), wait 88, 1, 92, 163, swim 4, (150), 3, 198, 105, swim 3, (90), 4, swim 1, (90), wait 24, 1, 92, 134, swim 3, (90), 1, 92, 134, swim 3, (90), wait 16, 5, 144, 132, 107, swim 4, (90), wait 32, 3, 198, 105, swim 3, (90), wait 16, 3, 185, 129, swim 4, (90), wait 48, 1, 92, 163, swim 4, (150), wait 40, 1, 92, 163, swim 4, (150), wait 64, 1, 92, 134, swim 3, (90), wait 32, 1, 92, 134, swim 3, (90), wait 8, 5, 144, 132, 107, swim 4, (90), wait 16, 3, 96, 92, 147, swim 4, (90), wait 24, 1, 92, 134, swim 3, (90), wait 56, 1, 92, 134, swim 3, (90), wait 24, 1, 100, 137, 115, swim 4, (105), 3, 96, 143, 130, swim 4, (90), wait 32, 3, 96, 92, 147, swim 4, (90), wait 72, 1, 92, 134, swim 3, (90), 0, swim 1, (90), 1, 92, 242, 91, swim 5, (90), wait 80, 1, 92, 134, swim 3, (90), wait 24, 3, 198, 105, swim 3, (90), wait 56, 1, 92, 134, swim 3, (90), wait 88, 1, 92, 163, swim 4, (150), wait 24, 3, 198, 105, swim 3, (90), 1, 92, 134, swim 3, (90), wait 120, 1, 92, 134, swim 3, (90), wait 24, 3, 185, 129, swim 4, (90), wait 48, 1, 92, 134, swim 3, (90), wait 8, 3, 96, 143, 130, swim 4, (90), wait 32, 5, 144, 132, 107, swim 4, (90), wait 16, 1, 100, 137, 115, swim 4, (105), 2, swim 2, (90), 7, 132, 114, 133, swim 4, (90), wait 288, 7, 132, 114, 133, swim 4, (90), wait 8, 3, 198, 105, swim 3, (90), wait 16, 1, 100, 137, 115, swim 4, (105), wait 16, 3, 198, 105, swim 3, (90), wait 72, 1, 92, 134, swim 3, (90), 0, swim 1, (90), wait 8, 1, 92, 134, swim 3, (90), wait 32, 3, 185, 129, swim 4, (90), wait 48, 1, 92, 134, swim 3, (90), wait 8, 3, 196, 128, swim 4, (90), wait 120, 1, 92, 134, swim 3, (90), wait 32, 1, 92, 163, swim 4, (150), wait 40, 3, 198, 105, swim 3, (90), wait 56, 1, 92, 134, swim 3, (90), wait 40, 3, 185, 129, swim 4, (90), wait 24, 1, 92, 163, swim 4, (150), wait 88, 1, 92, 134, swim 3, (90), wait 8, 3, 96, 92, 147, swim 4, (90),  
  wait 56, 1, 92, 163, swim 4, (150), wait 40, 5, 144, 132, 107, swim 4, (90), wait 40, 1, 92, 163, swim 4, (150), wait 8, 7, 132, 114, 133, swim 4, (90), wait 8, 7, 132, 114, 133, swim 4, (90), wait 80, 7, 132, 114, 133, swim 4, (90), wait 56, 3, 198, 105, swim 3, (90), 3, 96, 92, 147, swim 4, (90), wait 48, 1, 92, 134, swim 3, (90), wait 40, 1, 92, 134, swim 3, (90), wait 32, 3, 185, 129, swim 4, (90), wait 8, 7, 132, 114, 133, swim 4, (90), wait 40, 3, 185, 129, swim 4, (90), wait 96, 1, 92, 134, swim 3, (90), 1, 92, 163, swim 4, (150), wait 56, 5, 144, 132, 107, swim 4, (90), wait 72, 1, 92, 163, swim 4, (150), wait 64, 1, 92, 163, swim 4, (150), 5, 144, 132, 107, swim 4, (90), wait 16, 1, 92, 134, swim 3, (90), wait 8, 1, 92, 163, swim 4, (150), wait 104, 3, 198, 105, swim 3, (90), 4, swim 1, (90), wait 24, 1, 92, 242, 91, swim 5, (90), wait 32, 1, 92, 163, swim 4, (150), wait 40, 5, 144, 132, 107, swim 4, (90), 0, swim 1, (90), 3, 196, 128, swim 4, (90), wait 16, 5, 144, 132, 107, swim 4, (90), wait 32, 5, 144, 132, 107, swim 4, (90), 5, 144, 132, 107, swim 4, (90), wait 72, 1, 92, 134, swim 3, (90), wait 48, 3, 198, 105, swim 3, (90), wait 16, 1, 92, 163, swim 4, (150), wait 24, 1, 92, 163, swim 4, (150), wait 48, 7, 132, 114, 133, swim 4, (90), 1, 92, 163, swim 4, (150), wait 72, 1, 92, 134, swim 3, (90), wait 32, 1, 92, 134, swim 3, (90), wait 8, 5, 144, 132, 107, swim 4, (90), wait 24, 1, 92, 134, swim 3, (90), 1, 92, 163, swim 4, (150), wait 16, 3, 198, 105, swim 3, (90), wait 40, 1, 92, 134, swim 3, (90), wait 8, 5, 144, 132, 107, swim 4, (90), wait 16, 3, 96, 92, 147, swim 4, (90), wait 40, 1, 92, 134, swim 3, (90), 1, 92, 163, swim 4, (150), wait 24, 3, 198, 105, swim 3, (90), wait 24, 3, 185, 129, swim 4, (90), wait 96, 1, 92, 134, swim 3, (90), 1, 92, 242, 91, swim 5, (90), wait 8, 7, 132, 114, 133, swim 4, (90), wait 16, 3, 198, 105, swim 3, (90), 4, swim 1, (90), wait 24, 1, 92, 134, swim 3, (90), wait 56, 1, 92, 134, swim 3, (90), 2, swim 2, (90), 3, 198, 105, swim 3, (90), wait 8, 5, 144, 132, 107, swim 4, (90), wait 8, 3, 96, 92, 147, swim 4, (90), wait 88, 1, 92, 163, swim 4, (150), wait 128, 1, 92, 134, swim 3, (90), wait 32, 3, 185, 129, swim 4, (90), wait 24, 1, 92, 134, swim 3, (90), wait 64, 1, 92, 163, swim 4, (150), wait 16, 3, 185, 129, swim 4, (90), wait 48, 1, 92, 134, swim 3, (90), wait 32, 3, 185, 129, swim 4, (90), wait 104, 1, 92, 134, swim 3, (90), wait 16, 1, 100, 137, 115, swim 4, (105), wait 40, 1, 92, 163, swim 4, (150), wait 8, 5, 144, 132, 107, swim 4, (90), 0, swim 1, (90), wait 16, 1, 92, 134, swim 3, (90), wait 24, 1, 92, 163, swim 4, (150), wait 72, 1, 92, 134, swim 3, (90), wait 8, 3, 198, 105, swim 3, (90), wait 48, 1, 92, 163, swim 4, (150), wait 40, 1, 92, 163, swim 4, (150), wait 32, 3, 198, 105, swim 3, (90), wait 72, 1, 92, 134, swim 3, (90), 4, swim 1, (90), 4, swim 1, (90), 4, swim 1, (90), 4, swim 1, (90), 2, swim 2, (90), wait 8, 1, 92, 134, swim 3, (90), wait 40, 1, 92, 163, swim 4, (150), wait 32, 1, 100, 137, 115, swim 4, (105), wait 16, 1, 92, 242, 91, swim 5, (90), wait 128, 1, 92, 134, swim 3, (90), 5, 144, 132, 107, swim 4, (90), wait 24, 1, 100, 137, 115, swim 4, (105), wait 32, 1, 92, 134, swim 3, (90), wait 8, 1, 92, 134, swim 3, (90), wait 72, 1, 92, 134, swim 3, (90), wait 56, 3, 185, 129, swim 4, (90), wait 48, 1, 92, 163, swim 4, (150), wait 96, 3, 198, 105, swim 3, (90), wait 32, 1, 92, 163, swim 4, (150), wait 32, 3, 198, 105, swim 3, (90), wait 64, 1, 92, 134, swim 3, (90), wait 24, 1, 92, 242, 91, swim 5, (90), wait 64, 5, 144, 132, 107, swim 4, (90), wait 48, 5, 144, 132, 107, swim 4, (90), wait 48, 1, 92, 163, swim 4, (150), wait 16, 3, 198, 105, swim 3, (90), wait 24, 3, 96, 92, 147, swim 4, (90), wait 32, 3, 96, 92, 147, swim 4, (90), wait 72, 3, 198, 105, swim 3, (90), wait 24, 1, 100, 137, 115, swim 4, (105), wait 40, 5, 144, 132, 107, swim 4, (90), wait 64, 1, 92, 134, swim 3, (90), wait 8, 5, 144, 132, 107, swim 4, (90), wait 8, 1, 92, 163, swim 4, (150), wait 40, 1, 92, 163, swim 4, (150), wait 32, 3, 198, 105, swim 3, (90), 1, 92, 134, swim 3, (90), wait 80, 3, 198, 105, swim 3, (90), wait 24, 3, 185, 129, swim 4, (90), wait 80, 1, 92, 134, swim 3, (90), 3, 185, 129, swim 4, (90), wait 112, 1, 92, 134, swim 3, (90), wait 8, 1, 100, 137, 115, swim 4, (105), wait 88, 1, 92, 134, swim 3, (90), wait 16, 1, 92, 163, swim 4, (150), wait 24, 3, 185, 129, swim 4, (90), wait 32, 1, 92, 163, swim 4, (150), 3, 198, 105, swim 3, (90), wait 8, 1, 92, 134, swim 3, (90), wait 8, 5, 144, 132, 107, swim 4, (90), wait 16, 3, 198, 105, swim 3, (90), 3, 198, 105, swim 3, (90), wait 56, 1, 92, 163, swim 4, (150), wait 24, 5, 144, 132, 107, swim 4, (90), wait 8, 1, 100, 137, 115, swim 4, (105), wait 32, 1, 92, 134, swim 3, (90), wait 56, 1, 92, 163, swim 4, (150), wait 56, 3, 185, 129, swim 4, (90), wait 152, 1, 92, 134, swim 3, (90), 0, swim 1, (90), 1, 92, 134, swim 3, (90), 1, 92, 134, swim 3, (90), wait 48, 1, 92, 134, swim 3, (90), wait 48, 1, 92, 163, swim 4, (150), wait 24, 5, 144, 132, 107, swim 4, (90), wait 8, 3, 198, 105, swim 3, (90), wait 32, 3, 185, 129, swim 4, (90), wait 72, 3, 198, 105, swim 3, (90), wait 24, 1, 100, 137, 115, swim 4, (105), wait 16, 1, 92, 134, swim 3, (90), wait 64, 5, 144, 132, 107, swim 4, (90), wait 48, 1, 92, 163, swim 4, (150), wait 40, 1, 92, 163, swim 4, (150), wait 8, 3, 198, 105, swim 3, (90), 1, 100, 137, 115, swim 4, (105), wait 48, 1, 92, 134, swim 3, (90), 0, swim 1, (90), wait 8, 3, 96, 92, 147, swim 4, (90), wait 48, 1, 92, 134, swim 3, (90), wait 16, 3, 185, 129, swim 4, (90), wait 80, 5, 144, 132, 107, swim 4, (90), wait 24, 1, 92, 163, swim 4, (150), wait 64, 7, 132, 114, 133, swim 4, (90), wait 24, 5, 144, 132, 107, swim 4, (90), wait 16, 5, 144, 132, 107, swim 4, (90), wait 40, 1, 92, 134, swim 3, (90), wait 32, 1, 92, 134, swim 3, (90), wait 16, 3, 185, 129, swim 4, (90), wait 96, 1, 92, 134, swim 3, (90), wait 40, 5, 144, 132, 107, swim 4, (90), wait 8, 3, 96, 92, 147, swim 4, (90), wait 32, 3, 198, 105, swim 3, (90), wait 8, 1, 100, 137, 115, swim 4, (105), wait 8, 3, 165, 101, 120, swim 4, (90), 0, swim 1, (90), 1, 92, 134, swim 3, (90), wait 8, 3, 96, 92, 147, swim 4, (90), 1, 92, 242, 91, swim 5, (90), wait 8, 5, 144, 132, 107, swim 4, (90), 7, 132, 114, 133, swim 4, (90), wait 64, 5, 144, 132, 107, swim 4, (90), wait 8, 3, 198, 105, swim 3, (90), wait 8, 3, 185, 129, swim 4, (90), wait 120, 1, 92, 134, swim 3, (90), wait 40, 1, 92, 134, swim 3, (90), 3, 185, 129, swim 4, (90), wait 40, 3, 198, 105, swim 3, (90), wait 24, 1, 100, 137, 115, swim 4, (105), wait 24, 1, 100, 137, 115, swim 4, (105), wait 8, 1, 92, 242, 91, swim 5, (90), wait 104, 1, 92, 134, swim 3, (90), wait 40, 1, 92, 134, swim 3, (90), 2, swim 2, (90), wait 40, 1, 92, 134, swim 3, (90), 1, 92, 163, swim 4, (150), wait 80, 1, 92, 163, swim 4, (150), wait 40, 3, 198, 105, swim 3, (90), wait 40, 1, 92, 134, swim 3, (90), 1, 100, 137, 115, swim 4, (105), wait 8, 3, 185, 129, swim 4, (90), wait 40, 3, 198, 105, swim 3, (90), wait 16, 1, 92, 134, swim 3, (90), wait 32, 1, 92, 134, swim 3, (90), wait 24, 3, 96, 92, 147, swim 4, (90), 5, 144, 132, 107, swim 4, (90), wait 32, 1, 92, 163, swim 4, (150), wait 8, 1, 92, 163, swim 4, (150), wait 144, 1, 92, 134, swim 3, (90), wait 8, 3, 198, 105, swim 3, (90), 1, 100, 137, 115, swim 4, (105), wait 24, 3, 96, 92, 147, swim 4, (90), wait 24, 3, 185, 129, swim 4, (90), wait 48, 5, 144, 132, 107, swim 4, (90), wait 32, 3, 185, 129, swim 4, (90), wait 24, 5, 144, 132, 107, swim 4, (90), 1, 92, 163, swim 4, (150), wait 48, 3, 198, 105, swim 3, (90), wait 8, 3, 185, 129, swim 4, (90), wait 56, 1, 92, 134, swim 3, (90), wait 32, 3, 198, 105, swim 3, (90), wait 8, 1, 100, 137, 115, swim 4, (105), wait 40, 3, 96, 92, 147, swim 4, (90), wait 64, 1, 92, 134, swim 3, (90), wait 48, 1, 92, 163, swim 4, (150), wait 64, 1, 92, 134, swim 3, (90), wait 40, 3, 185, 129, swim 4, (90), wait 72, 3, 198, 105, swim 3, (90), wait 16, 1, 100, 137, 115, swim 4, (105), wait 8, 3, 96, 92, 147, swim 4, (90), wait 8, 1, 92, 163, swim 4, (150), wait 56, 5, 144, 132, 107, swim 4, (90), wait 8, 1, 92, 134, swim 3, (90), 3, 198, 105, swim 3, (90), 1, 100, 137, 115, swim 4, (105), wait 16, 1, 92, 163, swim 4, (150), wait 64, 1, 92, 163, swim 4, (150), wait 72, 1, 92, 163, swim 4, (150), wait 72, 1, 92, 163, swim 4, (150), 3, 198, 105, swim 3, (90), wait 24, 3, 185, 129, swim 4, (90), wait 152, 1, 92, 134, swim 3, (90), wait 8, 3, 96, 92, 147, swim 4, (90), wait 56, 1, 92, 134, swim 3, (90), 1, 92, 134, swim 3, (90), wait 136, 7, 132, 114, 133, swim 4, (90), wait 72, 3, 198, 105, swim 3, (90), wait 56, 1, 92, 134, swim 3, (90), 0, swim 1, (90), 1, 92, 242, 91, swim 5, (90), wait 112, 1, 92, 134, swim 3, (90), wait 32, 1, 92, 134, swim 3, (90), wait 80, 1, 92, 163, swim 4, (150), wait 32, 3, 198, 105, swim 3, (90), 4, swim 1, (90), wait 16, 1, 92, 134, swim 3, (90), wait 16, 1, 92, 163, swim 4, (150), wait 80, 1, 92, 163, swim 4, (150), wait 24, 5, 144, 132, 107, swim 4, (90), wait 8, 3, 198, 105, swim 3, (90), wait 40, 1, 92, 134, swim 3, (90), wait 24, 1, 92, 134, swim 3, (90), wait 32, 5, 144, 132, 107, swim 4, (90), wait 16, 3, 96, 92, 147, swim 4, (90), wait 32, 1, 92, 134, swim 3, (90), wait 16, 3, 185, 129, swim 4, (90), wait 72, 1, 92, 134, swim 3, (90), wait 8, 1, 92, 163, swim 4, (150), wait 40, 1, 92, 163, swim 4, (150), wait 8, 7, 162, 110, 195, swim 4, (90), wait 72, 1, 92, 134, swim 3, (90), wait 16, 3, 96, 143, 130, swim 4, (90), 3, 196, 128, swim 4, (90), wait 48, 3, 185, 129, swim 4, (90), wait 72, 1, 92, 163, swim 4, (150), wait 8, 7, 132, 114, 133, swim 4, (90), 3, 198, 105, swim 3, (90), wait 80, 1, 92, 134, swim 3, (90), 2, swim 2, (90), wait 8, 5, 144, 132, 107, swim 4, (90), wait 96, 1, 92, 134, swim 3, (90), 1, 100, 137, 115, swim 4, (105), wait 136, 3, 198, 105, swim 3, (90), wait 16, 1, 92, 134, swim 3, (90), 3, 198, 105, swim 3, (90), wait 48, 3, 185, 129, swim 4, (90), 3, 198, 105, swim 3, (90), wait 8, 1, 92, 163, swim 4, (150), wait 40, 1, 92, 163, swim 4, (150), wait 72, 3, 198, 105, swim 3, (90), wait 8, 1, 92, 134, swim 3, (90), 1, 92, 134, swim 3, (90), wait 64, 1, 92, 163, swim 4, (150), wait 88, 1, 92, 163, swim 4, (150), wait 24, 7, 132, 114, 133, swim 4, (90), wait 80, 1, 92, 163, swim 4, (150), wait 24, 5, 144, 132, 107, swim 4, (90), 3, 198, 105, swim 3, (90), wait 8, 1, 92, 242, 91, swim 5, (90), wait 16, 3, 185, 129, swim 4, (90), wait 112, 3, 198, 105, swim 3, (90), wait 48, 1, 92, 163, swim 4, (150), wait 16, 3, 185, 129, swim 4, (90), wait 72, 3, 198, 105, swim 3, (90), 2, swim 2, (90), wait 80, 1, 92, 134, swim 3, (90), wait 16, 1, 100, 137, 115, swim 4, (105), wait 72, 1, 92, 163, swim 4, (150), wait 64, 1, 92, 134, swim 3, (90), 3, 185, 129, swim 4, (90), wait 88, 1, 92, 134, swim 3, (90), wait 32, 3, 185, 129, swim 4, (90), wait 16, 3, 198, 105, swim 3, (90), wait 24, 3, 185, 129, swim 4, (90), 3, 198, 105, swim 3, (90), wait 32, 3, 185, 129, swim 4, (90), wait 8, 7, 162, 110, 195, swim 4, (90), wait 24, 3, 198, 105, swim 3, (90), wait 24, 3, 185, 129, swim 4, (90), wait 72, 1, 92, 163, swim 4, (150), wait 64, 1, 92, 163, swim 4, (150), wait 24, 3, 185, 129, swim 4, (90), wait 96, 1, 92, 134, swim 3, (90), wait 16, 1, 92, 134, swim 3, (90), 0, swim 1, (90), 3, 196, 128, swim 4, (90), wait 48, 5, 144, 132, 107, swim 4, (90), wait 32, 3, 185, 129, swim 4, (90), wait 144, 1, 92, 134, swim 3, (90), 2, swim 2, (90), wait 56, 1, 92, 134, swim 3, (90), 1, 92, 163, swim 4, (150), wait 56, 5, 144, 132, 107, swim 4, (90), wait 8, 1, 92, 134, swim 3, (90), wait 56, 1, 92, 163, swim 4, (150), wait 16, 7, 132, 114, 133, swim 4, (90), wait 48, 3, 198, 105, swim 3, (90), wait 24, 1, 92, 242, 91, swim 5, (90), 1, 92, 134, swim 3, (90), wait 32, 3, 185, 129, swim 4, (90), wait 64, 1, 92, 134, swim 3, (90), 1, 92, 163, swim 4, (150), wait 72, 1, 92, 134, swim 3, (90), wait 32, 1, 92, 134, swim 3, (90), wait 56, 5, 144, 132, 107, swim 4, (90), wait 32, 1, 92, 163, swim 4, (150), 2, swim 2, (90), wait 48, 5, 144, 132, 107, swim 4, (90), wait 72, 1, 92, 134, swim 3, (90), wait 8, 1, 92, 163, swim 4, (150), wait 64, 1, 92, 134, swim 3, (90), wait 32, 1, 92, 134, swim 3, (90), wait 32, 1, 92, 134, swim 3, (90), wait 16, 3, 96, 92, 147, swim 4, (90), wait 48, 1, 92, 163, swim 4, (150), wait 56, 1, 92, 163, swim 4, (150), wait 24, 3, 198, 105, swim 3, (90), wait 8, 1, 100, 137, 115, swim 4, (105), wait 64, 1, 92, 163, swim 4, (150), wait 112, 1, 92, 134, swim 3, (90), wait 72, 1, 92, 163, swim 4, (150), wait 64, 1, 92, 134, swim 3, (90), wait 40, 1, 92, 134, swim 3, (90), wait 32, 3, 185, 129, swim 4, (90), wait 56, 1, 92, 134, swim 3, (90), wait 24, 3, 185, 129, swim 4, (90), wait 72, 3, 198, 105, swim 3, (90), 4, swim 1, (90), wait 24, 1, 92, 134, swim 3, (90), wait 48, 1, 92, 134, swim 3, (90), 1, 92, 134, swim 3, (90), wait 8, 1, 92, 163, swim 4, (150), wait 16, 7, 132, 114, 133, swim 4, (90), wait 56, 3, 198, 105, swim 3, (90), wait 16, 1, 92, 163, swim 4, (150), wait 40, 3, 198, 105, swim 3, (90), wait 24, 1, 92, 134, swim 3, (90), wait 24, 1, 92, 134, swim 3, (90), wait 24, 3, 96, 92, 147, swim 4, (90), wait 8, 1, 100, 137, 115, swim 4, (105), wait 8, 3, 96, 143, 130, swim 4, (90), 0, swim 1, (90), 1, 92, 134, swim 3, (90), wait 64, 1, 92, 163, swim 4, (150), wait 24, 3, 185, 129, swim 4, (90), wait 80, 1, 92, 134, swim 3, (90), wait 24, 3, 185, 129, swim 4, (90), wait 64, 1, 92, 163, swim 4, (150), wait 152, 1, 92, 134, swim 3, (90), wait 8, 1, 92, 134, swim 3, (90), 5, 144, 132, 107, swim 4, (90), wait 72, 1, 92, 163, swim 4, (150), wait 32, 3, 185, 129, swim 4, (90), wait 80, 1, 92, 134, swim 3, (90), wait 40, 3, 198, 105, swim 3, (90), 5, 144, 132, 107, swim 4, (90), wait 24, 3, 96, 92, 147, swim 4, (90), wait 80, 1, 92, 134, swim 3, (90), 5, 144, 132, 107, swim 4, (90), 0, swim 1, (90), wait 16, 3, 96, 92, 147, swim 4, (90), wait 40, 1, 92, 163, swim 4, (150), wait 80, 1, 92, 163, swim 4, (150), wait 32, 3, 185, 129, swim 4, (90), wait 176, 1, 92, 134, swim 3, (90), wait 32, 1, 92, 163, swim 4, (150), wait 16, 1, 92, 163, swim 4, (150), wait 72, 1, 92, 134, swim 3, (90), 3, 198, 105, swim 3, (90), 2, swim 2, (90), wait 80, 1, 92, 134, swim 3, (90), wait 8, 1, 100, 137, 115, swim 4, (105), 3, 198, 105, swim 3, (90), 3, 196, 128, swim 4, (90), wait 88, 1, 92, 163, swim 4, (150), wait 16, 7, 132, 114, 133, swim 4, (90), wait 40, 3, 198, 105, swim 3, (90), wait 32, 1, 92, 134, swim 3, (90), wait 104, 1, 92, 134, swim 3, (90), wait 16, 3, 185, 129, swim 4, (90), wait 8, 3, 185, 129, swim 4, (90), wait 64, 3, 198, 105, swim 3, (90), wait 8, 1, 92, 134, swim 3, (90), wait 16, 5, 144, 132, 107, swim 4, (90), wait 24, 3, 198, 105, swim 3, (90), wait 24, 1, 92, 163, swim 4, (150), wait 72, 1, 92, 134, swim 3, (90), wait 48, 1, 92, 163, swim 4, (150), wait 24, 3, 198, 105, swim 3, (90), wait 80, 1, 92, 134, swim 3, (90), wait 32, 1, 92, 163, swim 4, (150), wait 32, 1, 92, 134, swim 3, (90), wait 32, 1, 92, 134, swim 3, (90), wait 24, 3, 185, 129, swim 4, (90), wait 16, 7, 132, 114, 133, swim 4, (90), wait 40, 1, 92, 134, swim 3, (90), wait 32, 1, 92, 134, swim 3, (90), wait 8, 5, 144, 132, 107, swim 4, (90), wait 32, 1, 92, 163, swim 4, (150), wait 24, 3, 185, 129, swim 4, (90), wait 64, 1, 92, 163, swim 4, (150), wait 120, 1, 92, 134, swim 3, (90), 1, 92, 163, swim 4, (150), wait 72, 1, 92, 134, swim 3, (90), 3, 198, 105, swim 3, (90), wait 24, 3, 96, 92, 147, swim 4, (90), wait 40, 1, 92, 134, swim 3, (90), wait 104, 1, 92, 134, swim 3, (90), 0, swim 1, (90), 3, 196, 128, swim 4, (90), wait 64, 1, 92, 134, swim 3, (90), 2, swim 2, (90), wait 16, 3, 198, 105, swim 3, (90), wait 16, 1, 100, 137, 115, swim 4, (105), wait 16, 1, 92, 242, 91, swim 5, (90), wait 80, 1, 92, 134, swim 3, (90), wait 80, 1, 92, 163, swim 4, (150), wait 32, 3, 185, 129, swim 4, (90), wait 72, 1, 92, 163, swim 4, (150), wait 16, 3, 198, 105, swim 3, (90), 1, 92, 134, swim 3, (90), wait 32, 3, 185, 129, swim 4, (90), wait 72, 5, 144, 132, 107, swim 4, (90), wait 8, 1, 92, 134, swim 3, (90), wait 16, 3, 185, 129, swim 4, (90), wait 48, 5, 144, 132, 107, swim 4, (90), 5, 144, 132, 107, swim 4, (90), wait 8, 1, 100, 137, 115, swim 4, (105), wait 32, 1, 92, 163, swim 4, (150), wait 104, 3, 198, 105, swim 3, (90), wait 56, 1, 92, 163, swim 4, (150), wait 176, 1, 92, 134, swim 3, (90), wait 24, 1, 92, 242, 91, swim 5, (90), 2, swim 2, (90), wait 16, 3, 198, 105, swim 3, (90), wait 8, 5, 144, 132, 107, swim 4, (90), wait 40, 3, 185, 129, swim 4, (90), wait 40, 1, 92, 134, swim 3, (90), wait 32, 5, 144, 132, 107, swim 4, (90), wait 16, 1, 92, 134, swim 3, (90), wait 8, 1, 92, 242, 91, swim 5, (90), wait 80, 1, 92, 134, swim 3, (90), 0, swim 1, (90), 1, 92, 134, swim 3, (90), wait 64, 1, 92, 134, swim 3, (90), wait 40, 1, 92, 163, swim 4, (150), wait 48, 1, 92, 163, swim 4, (150), wait 56, 5, 144, 132, 107, swim 4, (90), wait 48, 5, 144, 132, 107, swim 4, (90), wait 8, 1, 92, 134, swim 3, (90), 0, swim 1, (90), wait 16, 3, 96, 92, 147, swim 4, (90) in

crabstretcher_salvo

disable_arm
swim2, swim2, 0, (90)
disabled_arm_to_block

long_pull1
wait 1016, long_pull2
sc_pull1

snarkmaker_chain1
sc_destroy

# The last glider of the recipe, which triggers the
# fuse.
92 (mod 120), (180)

# The first glider of the recipe, which triggers the
# seeds of destruction
0, (180)

# Helper to place a second copy of the recipe. The second copy should be advanced
# one tick.
0, (180)
